7063
4968
1854
1381
1258
1388
5090
790
6104
1017
9866
3902
488
1530
1741
35
7404
5348
3017
3757
6118
6780
1707
4945
8375
7033
1545
7947
7523
8839
6428
9752
3344
4757
6731
1374
7261
1788
850
536
7438
5436
50
225
3894
9124
5137
1676
3806
638
4706
2430
7153
6917
7424
4905
3658
7299
5220
4277
1205
6652
9911
9965
2562
2865
9089
852
9801
7505
2287
3138
1239
1410
1794
5854
9910
696
164
3354
3114
1728
7494
8086
9528
7132
2213
1714
5969
1531
3932
5923
4188
4660
3010
9681
1938
2031
6724
3851
7251
304
1965
919
3654
3825
2801
4602
6349
5547
6473
5824
1655
912
4281
5849
7791
7976
7582
4992
9201
1093
5715
6265
1773
2725
5346
8775
2116
6981
2983
5015
8735
4829
2720
8540
8496
7755
4593
1304
4832
5983
4501
6883
87
9265
6094
827
7178
42
621
7177
4974
3221
5965
940
1082
787
7578
6132
7083
8885
4559
492
994
1354
7229
7349
8632
5766
2919
6188
5409
7035
1082
7575
8942
4054
6539
4705
3068
1384
6360
1471
4475
3551
1280
4590
3241
1057
9422
5451
3228
7461
5345
207
9406
5134
2247
565
1154
4020
6839
7642
5270
9088
8846
5695
4897
1172
5106
4494
6203
4998
9474
6951
396
2967
9374
9765
6764
1907
1411
9010
6650
4663
4654
8483
2040
250
9474
993
9652
5258
9525
870
1457
3269
8629
5329
5267
9952
2935
549
1146
9158
1520
3460
1478
8577
5148
9779
6009
2958
4236
6731
8410
4256
6925
508
7861
3588
5683
1325
127
6812
1397
2244
7672
4203
5665
30
2425
7596
1088
7820
1453
8655
8468
5547
8908
640
126
9134
3666
5509
8189
8874
8159
2981
1185
3630
4439
2624
1229
7101
6042
9262
6730
2121
1565
120
5976
8525
3735
9645
3967
8118
792
8994
3892
1600
3571
6458
9800
6953
3597
3229
2890
9316
3006
3000
3069
9901
3348
7665
5124
9428
4166
9188
1785
4423
5046
335
9357
6624
9520
55
1609
1976
1711
3269
4084
9318
9615
8449
7997
1753
5133
4665
3464
2445
2874
5006
1894
6157
5054
2507
8492
9414
4026
9730
4518
3748
4262
1013
1620
8140
9256
4478
4418
6116
6710
2812
4358
7330
8051
8122
99
5456
7717
5758
8890
1721
5688
5435
2160
6291
8795
6963
4586
9785
6519
9964
9460
4643
2592
6429
6146
132
3221
6934
4062
5920
3313
5226
6480
4904
4788
4362
6924
6035
539
2670
2212
3483
1755
3394
4702
1058
7486
5788
7185
8079
3300
4662
7833
3816
8730
7564
4682
4445
1288
5091
1281
4447
6852
9731
2549
7803
8693
307
9228
8583
8034
2608
4683
7960
2568
7113
9446
5485
7482
4074
9205
684
3443
2051
3767
8295
3303
8213
2992
7227
1783
696
2686
917
2787
9884
9194
8592
6922
7258
5577
3935
4974
4949
9186
6467
9618
2803
634
9354
7973
1874
1451
7638
4648
8313
2931
8277
4107
9116
6568
4737
2070
507
9882
9526
7683
5496
3761
4155
9209
7171
7301
1391
946
4147
6525
3922
462
7763
9071
9741
753
9751
4406
1774
9848
890
7393
388
2713
8790
1191
2548
5544
8718
2041
8534
4998
43
5152
4703
2243
4881
8598
4267
2660
4574
6528
1190
2912
3887
9544
1224
7620
3566
8282
9595
8343
2315
4644
2122
5095
3318
1792
2920
2130
6247
4574
6041
3313
8218
5018
5537
3967
9050
5470
9543
6583
8201
2960
4646
3771
6345
5259
864
4753
9242
5163
4719
5992
3664
7330
1146
2680
3664
6168
976
9767
4216
319
628
312
6264
5364
6773
6878
4465
1697
2360
7519
1400
5008
6372
2051
6454
6634
1786
3644
3247
4942
5759
6287
9469
8205
376
256
5721
8753
9057
3052
5238
334
1386
8128
9626
2865
1102
3271
5897
6357
1649
5760
112
4340
9813
382
8650
4282
6937
9016
7522
2406
7599
4129
8614
9322
632
8771
5861
9249
4463
1924
2549
7344
110
8219
803
8645
8705
6652
4264
2012
9797
9230
8596
9809
2428
9133
7177
9999
8753
3419
1879
4471
3570
6834
335
1036
7295
4981
1239
4139
7133
8452
5049
9737
5590
318
5336
308
4785
497
5152
4459
1690
5149
9256
4889
2846
4966
3239
173
9942
5032
976
3157
3741
7845
5260
4297
8063
2346
2771
2932
8016
5424
5734
2540
5462
6318
9755
8483
484
9675
7894
3142
4947
2097
8065
883
4207
3981
920
6263
7340
9443
1475
2229
5860
5919
2497
6403
9310
7958
2861
2830
75
4923
8736
4622
6640
5517
3331
7381
2891
7309
9710
4880
5077
7950
1746
4864
8227
9413
5456
402
664
8416
7284
7002
4298
4179
6353
1935
3663
1533
6746
7183
9172
5065
7867
4627
5081
2112
5170
6350
1149
4316
4044
3807
7234
1048
8800
2326
5581
7331
2034
5362
1500
6963
4166
2280
6116
9238
1682
673
7814
7731
7646
5067
1101
4831
7546
4895
9526
5804
1596
8962
3404
5324
3972
7317
2896
8051
1470
1863
8770
7946
596
7883
1790
7536
7037
3460
5253
4779
6278
8924
9799
540
3772
180
6746
2593
7811
6006
1866
179
7125
8630
5389
2672
3450
4583
433
5027
8721
5498
357
2223
4809
6241
5249
7115
142
5761
66
615
8259
7846
9334
8284
9960
8992
6096
5442
888
7419
3385
5979
6530
7165
2564
5036
2690
4729
4251
6172
1100
1984
3819
6677
692
3063
8281
8456
1804
275
4527
6205
6715
6113
9255
7048
7638
5490
371
3974
5502
7924
9383
8487
6855
7164
5636
2246
2320
2974
3233
5763
6611
223
5048
8193
1178
7922
5722
2731
9356
6383
6416
6002
8419
1346
4735
7426
9291
1535
1255
5298
3562
6643
5080
1690
2406
981
4242
8367
4375
8332
5991
4090
5771
2954
2943
9607
8559
7750
8648
1608
9457
6263
2696
3849
2271
5884
1713
3343
1387
2873
3647
9482
1054
8444
2737
8330
9701
8942
9537
4765
4781
5621
3538
5686
3079
5141
661
842
167
1622
4440
5187
6831
8737
6604
4615
2499
2261
7569
7843
2617
8182
928
4353
4847
5317
8164
3065
2552
7786
2934
2116
2788
3502
2404
715
4971
8053
1358
9054
2758
9848
1612
4097
7579
4129
9087
2176
9731
5727
5731
8243
6953
1754
1981
92
9233
4032
8455
8829
8178
3886
8469
5223
9890
6954
5315
5822
6076
1677
8237
9608
2016
9998
426
2852
8888
4809
7366
1927
6099
1071
5099
2721
3088
2039
1675
7582
5672
7890
3693
8185
2391
6572
9425
5035
9465
2943
7586
9089
3582
2833
5447
779
3465
8189
8389
1841
6155
4191
1621
1408
7398
4601
4349
9106
4785
7491
270
8444
9447
2047
2586
4097
8636
5418
2240
1571
2254
7823
5669
9993
1923
5270
8816
6461
3093
6489
9649
6108
8391
1270
2319
5456
3874
7713
238
2267
576
17
5466
2345
468
1163
194
2184
2452
7628
1955
4052
4325
7119
6960
3339
7346
5454
7307
7183
200
1797
7523
1818
1856
7267
2970
2299
2521
6570
7009
2878
9778
1269
3378
7066
1106
4153
6058
6852
8852
2900
5777
1937
1810
8675
9863
6425
2652
2111
7149
5495
4549
983
5373
6813
4683
8761
5399
1348
721
6073
5338
3857
6778
9124
2027
8419
9812
447
772
792
1471
9480
8300
6815
1785
6542
8767
7497
4791
637
1146
2361
7634
8305
6165
7914
1611
9276
3981
8288
7868
8994
9677
3574
4605
2657
4824
4807
7312
6047
1894
1064
9225
4843
2953
6146
6269
2709
5626
6477
6966
314
9845
9800
1761
40
9422
5958
3365
8304
1566
1042
9151
3993
9598
4979
2990
7184
1982
2586
9512
4749
3955
3016
5687
4866
5115
557
7780
4973
110
7931
6414
5468
9651
8073
5143
5984
5915
5811
604
2297
718
8447
4622
9745
4129
7850
8418
3206
9089
3233
1105
3631
3215
5500
5836
2223
7799
7460
4481
4535
8238
773
6706
6710
903
9231
4808
8028
5299
4951
3460
4172
8419
1562
7709
4176
7387
609
2443
8246
7380
1439
8719
1111
5454
6504
1069
4088
3601
8348
3111
698
1214
3041
3831
8829
1271
9679
3624
6689
2279
8900
1186
4652
655
6872
7136
4520
5310
7018
1872
8948
9292
1241
38
8218
516
7376
2525
1
2860
4169
7995
5145
8418
2466
3280
5251
1684
9100
683
8227
7628
9696
7257
9422
7783
8476
2059
6013
6528
683
8147
5124
301
499
7194
8908
8005
2056
4433
4572
5261
3438
2290
8855
7758
4811
786
8078
3941
283
3093
662
439
7693
5534
8244
1534
9339
2242
469
1492
8087
5896
3115
3211
9632
1535
6289
8790
2196
9419
2127
6824
319
9902
7801
183
3426
2303
9282
7324
9775
7354
6734
8858
5457
7412
580
89
8952
7929
2787
3038
3890
7043
9340
1561
7893
3481
2364
2250
808
194
6989
5744
8146
9652
7363
1552
6682
3182
3009
5006
6733
5918
6702
7483
7566
8143
6946
2092
3576
2995
9802
7106
303
3129
4107
9131
3893
9291
3811
4741
1928
4135
5835
6458
4664
4568
9432
9612
4743
8208
8113
9471
9897
5092
795
5117
9114
3204
7712
4138
191
6726
847
2997
8724
5085
9132
8439
3541
7515
2088
2043
6920
4256
2987
7834
8263
8142
9998
8337
9628
5563
2597
4066
54
834
7849
7300
6344
9366
7524
2744
9503
8052
5237
4729
6260
2980
8148
9103
7896
9515
4176
5728
9500
4833
355
6067
8627
7354
8343
4531
143
3411
3825
7228
1448
7770
4540
1093
1387
2170
3633
9657
9711
3010
1346
52
3699
6865
278
6967
67
7921
6702
6217
6585
4349
5846
1706
3775
8191
8744
1108
5507
1211
2538
8368
564
5170
8919
2738
2921
5267
1611
4483
2273
8180
2728
7033
4725
4889
8262
8501
1209
9151
7992
6104
8673
5000
5609
9490
9776
6179
1892
8745
7500
4743
1555
1715
4798
1548
7376
9473
4437
3590
4039
4296
1962
6526
3004
9116
5629
1567
9577
8779
5567
5626
9856
3011
7945
9383
7327
5153
3194
5625
4225
2567
7662
3964
7472
9241
4729
9869
9417
3269
7619
6502
6696
1388
5277
4628
8738
8705
9921
5207
9570
9213
7320
8534
1899
8925
1302
2925
5580
8553
2559
4004
7921
2609
1245
9037
7990
4245
7353
8809
5062
3186
503
183
306
2596
1374
9610
6606
6509
4372
9014
7493
8864
5529
151
6380
10
7466
5262
5556
9310
1638
3177
3401
2027
9741
2030
344
8493
8323
1652
7357
1676
2628
1886
2618
7700
6770
8404
1139
1170
1722
527
3734
7384
3717
2257
7481
334
9978
1951
1532
5125
9953
3981
6957
2729
290
3140
9018
4594
2315
8674
9121
4775
4976
6126
7795
8464
7149
9286
3239
5606
4823
3799
3466
9657
3777
7752
7476
6749
2491
2420
999
8002
5108
8466
5473
5103
8128
7986
5504
187
8884
6214
6837
839
3246
2747
737
2155
4706
1411
1020
3628
3919
849
7028
9366
993
1888
962
3228
2527
4479
8969
1401
1428
4701
7224
706
9563
4029
47
9114
1859
8294
5134
465
2274
3274
7768
3130
7190
2849
2374
9624
1591
1265
3080
4260
3384
7772
5047
1885
6732
6150
8870
701
389
978
9639
7972
1639
6168
8138
3460
5163
453
31
4952
6496
2783
2253
529
1532
6610
4459
6766
8129
4732
9307
3991
4746
8658
3943
5222
6468
5805
915
5539
1018
9877
6914
8315
6920
1592
7237
828
8529
6006
9390
8655
4380
3708
3875
9571
1065
5308
6525
9090
6466
5349
7904
6002
4028
9908
2357
3162
2893
5975
5171
2750
9383
6329
941
7002
3074
2736
3652
6119
4104
5599
7405
3533
8778
1527
9198
7205
8144
33
1697
8456
2942
5233
2955
346
2866
2472
5862
6845
8041
4536
9403
4708
3457
1764
4667
773
5689
3268
3292
7609
6725
8098
4545
4867
5838
5076
2242
5818
7654
7862
3851
101
1273
8147
5424
9842
271
5904
6542
4515
6206
1445
797
2038
4364
9673
9842
4832
6146
3945
2576
9285
1308
1268
6126
6
780
3334
3636
9543
6863
63
8847
4700
8711
2287
3684
1872
9256
8305
4673
8625
3086
9201
9631
2555
4891
2667
836
3743
6111
9602
517
1264
7680
137
9848
2059
2233
5905
6135
2144
7102
4336
6400
9969
813
3226
7066
6453
6960
3231
8387
570
1711
3329
8580
101
3315
2720
1782
5479
741
739
13
8222
6053
8661
5746
8356
1543
6314
1423
2216
2615
4925
2532
5256
5821
1415
2246
1368
6588
7038
5719
7457
6948
360
9633
6777
7319
3834
5323
1130
6873
8817
9374
3074
8176
6508
4978
4695
1595
7236
1521
3493
4879
4186
3725
8245
3884
5259
2653
8155
271
498
1122
1100
8673
3002
5576
3322
8764
6142
8457
5886
6141
3440
3179
6097
2773
4546
3850
8119
5193
308
5936
2456
5978
2842
3424
2892
8591
6985
9762
4211
7262
8143
3288
1870
6233
5516
1791
1117
181
4192
7026
1206
8502
7842
7833
3759
6535
6267
2094
3592
4709
6109
2608
6600
2859
2643
1056
1362
7112
7734
6601
9411
9532
9176
6621
5467
6034
6401
6394
9510
4951
3012
1083
8262
8105
6270
7275
6639
9658
8986
1796
9214
2244
3187
2709
3511
4294
4055
819
1658
7133
1797
310
6128
8926
579
7668
2920
7839
4814
7851
2057
7445
8366
1608
8931
5784
2357
5397
8950
323
7205
8798
9918
6456
4555
6532
6138
8720
12
1099
4664
8736
4538
4206
4590
8199
6370
3314
1607
5012
8886
9192
9977
6724
322
7148
3455
9449
4813
8491
2424
9254
3038
3009
7818
1798
3352
9584
6180
7485
1044
8125
7952
3079
7706
8084
9057
9964
3659
5819
5870
2533
477
4148
6282
7496
4532
1005
3904
7438
9642
9809
168
7814
2587
7409
4696
9827
6671
7069
1770
2624
5524
7676
7926
6964
1256
604
7452
9393
4720
2323
3232
9078
2776
836
2530
4756
8712
7261
9704
8829
6014
8876
3003
8888
3710
1490
315
1969
6915
2224
5984
4638
480
2782
7918
7853
5144
6395
8980
9544
1526
6606
1025
5803
7978
3850
3667
9212
1425
2081
861
1304
6800
9135
4820
3055
2572
7047
39
7206
2136
7500
6121
9258
9276
293
973
9236
1279
6995
9916
2216
6049
4495
9701
6615
8632
2828
4434
5445
4997
1020
8658
5029
1921
7647
7721
8496
2537
166
992
9316
259
8789
9226
6105
2572
7222
3045
8335
4624
1114
7257
5875
4085
9643
5472
2320
4597
4014
2098
979
4502
1604
5804
4087
4487
5823
7116
9022
889
1089
4939
8097
5111
2495
1895
5390
9796
421
9260
7809
3520
5076
6079
1006
9446
2006
3287
842
7317
5586
6280
8905
8185
4747
4189
3921
7046
5987
5665
7470
6960
1100
6874
4735
3513
5519
7395
3806
4840
4262
325
7901
3618
3395
1105
3484
3304
4116
204
8615
1469
6942
7688
4123
6530
6726
2906
1881
4256
607
7181
6403
1730
125
8451
6692
524
9160
9779
6572
3211
6124
4020
4489
4811
6029
5508
7121
7679
2632
1685
5228
8512
3493
4069
6910
2885
3769
3880
9986
5692
6535
6660
2418
3426
1206
7241
4723
8581
7694
4235
4205
9635
3532
493
2968
5294
3046
8636
4242
4079
8632
1925
3005
3027
8124
4132
6326
38
3543
9642
9983
4107
2864
2042
8575
4598
5837
832
1423
3846
1686
3742
6389
6290
2874
6965
8989
8623
5840
5436
1779
7099
4118
8048
4302
9193
6405
5848
8246
7273
7382
484
3334
1139
957
3986
4077
9648
6979
7580
5438
2678
7043
5489
6791
6094
1402
8254
6798
8979
369
3865
1879
6009
7270
8346
6451
5463
9414
8391
5123
9858
3992
7402
6186
3064
4579
7377
320
2086
7535
9489
9891
4614
9625
9000
519
7433
6352
9422
9950
109
5164
8583
3315
6699
2974
8968
7248
6672
3826
7379
8480
4549
2962
7120
1167
4797
6660
5306
9597
6826
7444
9988
4849
2653
3708
7798
6170
8536
8287
5992
5985
8961
5013
6281
1178
7030
9376
7228
4314
4344
1502
6464
7730
9158
8935
4795
5929
9494
6166
322
6520
5729
2453
2888
1054
860
4369
3600
516
9647
6028
1696
7003
3940
4705
9060
1841
5374
9730
8092
7827
6196
7293
9652
3484
3672
6397
558
7564
4504
9837
4509
6692
7376
8951
8944
6861
345
2651
3098
488
8482
1339
3930
7968
4074
4099
1324
9852
9719
6614
4443
8080
311
803
4417
8131
8272
534
2796
2956
4806
6731
8591
805
2777
9518
1842
8338
7975
9246
6455
7803
6197
608
5787
2676
1174
8671
6484
1981
9157
1440
7821
7094
277
7316
8267
9147
883
3431
9051
6765
4564
6710
1755
2336
4385
2653
3537
7041
619
6494
3804
7232
7580
6286
3909
1099
9132
3017
8129
6731
3100
6342
3894
2599
9459
3621
1511
7782
5395
9860
6222
5347
759
2657
5909
7017
219
7818
9026
4589
2264
7824
9804
2107
3515
5322
2926
4393
2560
4678
999
3816
2064
9578
2858
5960
6356
9353
4537
8603
9429
6513
6634
9250
1282
2992
5251
4147
1165
9239
5063
8572
5715
6583
7149
8882
3205
1944
9481
3986
3639
5257
5481
5464
6181
497
7406
6926
7213
4052
5765
5468
6285
2849
4353
4350
6874
7928
2967
2387
5274
3145
1958
4305
6223
9479
4480
7158
7728
9196
2714
8330
6293
1862
9212
3920
6094
8959
7381
7035
657
3514
7630
6477
3855
665
1833
3323
6706
8716
1366
1852
9829
3764
129
752
9696
3061
8668
6894
1454
3882
9749
8325
2349
5970
6787
2772
3473
3496
1058
2437
5941
2672
4313
3475
8543
9869
6932
5885
5919
7120
9267
819
7588
7339
1630
8525
8379
3988
3379
7419
3989
4981
5998
6759
9491
2480
3748
8951
3904
3807
4059
894
7676
8713
6553
3346
8849
1217
2840
3832
5044
9513
931
3195
9017
7620
7376
1228
8275
9512
7418
116
6327
7106
6697
8180
2139
9972
7856
6669
9409
3881
4067
1852
8890
8026
2675
1981
441
7017
6616
3904
5845
377
4954
1545
2362
6657
2859
8881
8636
8102
3012
75
3881
7429
9611
7377
1418
2786
1006
4860
2390
8506
5759
4210
9508
549
3179
